-732
261
-3024
-3578
130
-2336
2172
2035
1752
4168
-1748
-631
-4201
3067
-2104
1220
-1825
2020
3829
4304
-4683
3686
605
617
-2393
4204
873
94
3547
-583
-2426
-1891
-4148
2912
-4404
538
-2698
1116
-4164
-2687
1285
-1991
2060
264
522
4262
-1658
-1887
1070
3741
-1123
2688
4409
-122
1744
834
1357
3482
-4700
-3205
727
-1651
2778
-3648
-2060
-860
3520
627
-1836
-2005
749
-2175
183
2477
-281
4639
2929
836
-1514
3089
-3376
902
2461
4961
2844
4867
516
961
-1352
4093
-3018
2529
-2815
2182
-630
-4162
-4804
4389
-1123
1792
-184
-2418
-4819
579
-628
-354
138
-2794
-2124
-710
-4128
2810
4232
-4075
2330
3343
-894
2176
1159
4694
3069
4817
2397
3705
2149
3146
1743
4459
495
4446
4650
-4790
-3067
2853
2431
-2793
712
2706
-714
1271
-1756
3020
-4210
3794
4225
257
-4382
-156
2790
-2296
-2336
2719
1933
-1213
-2689
-4781
2026
908
3827
1646
4578
4056
-2085
1769
956
3971
1619
1099
-607
-3120
-2594
1034
1788
-4226
-3059
-558
-1821
4636
-2695
1192
330
4396
4346
-2968
-2341
-2683
-783
4232
675
-1746
1084
-3486
-3055
-2543
2806
3686
-1705
-2281
-2851
440
